basra={
	location=1335
	color={
		94 36 191 
	}
	outgoing={
		name="aleppo"
		path={
			408 409 406 382 377 
		}
		control={
			3542.000000 1156.000000 3501.000000 1170.000000 3487.000000 1204.000000 3448.000000 1222.000000 3423.000000 1245.000000 
		}
	}
	members={
		406 408 409 410 415 1335 2211 2310 2311 2312 4288 4291 4293 4294 
	}
}
shirvan_node={
	location=421
	color={
		204 119 31 
	}
	inland=yes
	outgoing={
		name="aleppo"
		path={
			2202 2205 418 407 377 
		}
		control={
			3549.000000 1315.000000 3536.000000 1309.000000 3507.000000 1304.000000 3463.000000 1307.000000 3445.000000 1263.000000 
		}
	}
	outgoing={
		name="crimea"
		path={
			425 2198 463 287 2447 1324 1322 
		}
		control={
			3562.000000 1350.000000 3417.000000 1425.000000 3342.000000 1405.000000 
		}
	}
	members={
		416 419 420 421 424 425 2198 2199 2202 2205 2206 2207 2208 4299 4302 4304 4305 4306 4340 
	}
}
aleppo={
	location=377
	color={
		202 150 172 
	}
	outgoing={
		name="constantinople"
		path={
			1317 1848 322 317 1320 
		}
		control={
			3308.000000 1243.000000 3264.000000 1243.000000 3239.500000 1253.500000 3205.500000 1316.500000 
		}
	}
	outgoing={
		name="alexandria"
		path={
			1316 1315 358 
		}
		control={
			3353.000000 1241.000000 3335.000000 1200.000000 3284.000000 1180.000000 
		}
	}
	members={
		418 2306 2307 4295 4296 377 1849 2313 4298 378 382 1855 4297 407 411 2309 2314 4292 332 2303 2308 4310 405 4270 4271 321 327 2302 323 324 2301 4307 
	}
}
alexandria={
	location=358
	color={
		200 200 102 
	}
	outgoing={
		name="constantinople"
		path={
			362 363 1316 1932 318 317 1320 
		}
		control={
			3272.000000 1172.000000 3275.000000 1197.000000 3266.000000 1216.000000 3236.000000 1243.000000 3203.000000 1286.000000 3203.000000 1315.000000 3216.000000 1325.000000 3227.000000 1333.000000 
		}
	}
	outgoing={
		name="venice"
		path={
			1315 1318 145 1773 144 143 1310 1309 1308 
		}
		control={
			3253.000000 1183.000000 3216.000000 1220.000000 3160.000000 1229.000000 3130.000000 1251.000000 3108.000000 1291.000000 3100.000000 1332.000000 3080.500000 1356.000000 3031.000000 1383.000000 
		}
	}
	outgoing={
		name="tunis"
		path={
			357 1314 1313 1305 
		}
		control={
			3194.000000 1199.000000 3093.000000 1203.000000 3025.000000 1220.000000 
		}
	}
	members={
		364 379 1854 383 2328 4268 4269 380 381 2327 365 2315 2320 2321 1233 2318 4323 358 362 363 361 2316 4316 4317 359 2317 4318 360 1231 2319 4319 4320 356 357 2325 2326 4321 4322 
	}
}
crimea={
	location=1322
	color={
		59 158 125 
	}
	outgoing={
		name="constantinople"
		path={
			1322 1321 1320 
		}
		control={
			3314.000000 1403.000000 3279.000000 1379.500000 
		}
	}
	outgoing={
		name="pest"
		path={
			4706 2998 4531 160 2746 156 1954 155 
		}
		control={
			3268.000000 1423.000000 3248.000000 1426.000000 3241.000000 1408.000000 3226.000000 1404.000000 3208.000000 1394.000000 3174.000000 1397.000000 3157.000000 1408.000000 3163.000000 1414.000000 3156.000000 1419.000000 3132.000000 1417.000000 3125.000000 1426.000000 3121.000000 1444.000000 3124.000000 1449.000000 3119.000000 1458.000000 
		}
	}
	members={
		1323 1322 462 1856 463 2201 2195 2197 282 1974 2406 286 287 2413 2414 284 285 2410 2447 283 2411 2412 330 331 2305 422 268 1756 2405 423 2203 4301 2196 2204 4303 4529 4530 
	}
}
constantinople={
	location=1320
	color={
		126 203 120 
	}
	outgoing={
		name="ragusa"
		path={
			149 1765 1766 138 137 
		}
		control={
			3211.000000 1343.500000 3173.000000 1364.000000 3142.000000 1365.000000 3115.000000 1361.000000 
		}
	}
	members={
		1320 149 151 1764 325 328 2299 2304 150 159 1765 2746 2750 329 1846 2300 4314 4315 316 317 2296 322 1848 4308 4311 318 319 2297 2298 4309 326 4312 4313 164 320 1319 2348 3003 4700 4703 4704 4705 4706 4779 
	}
}
tunis={
	location=341
	color={
		146 134 57 
	}
	outgoing={
		name="sevilla"
		path={
			340 339 1301 1294 1293 
		}
		control={
			2927.000000 1239.000000 2892.000000 1249.000000 2856.000000 1284.500000 2777.000000 1247.500000 
		}
	}
	outgoing={
		name="valencia"
		path={
			2455 1302 1301 1295 
		}
		control={
			2941.000000 1280.000000 2912.000000 1295.000000 2882.000000 1304.000000 2873.000000 1308.000000 2848.000000 1290.000000 2840.000000 1292.000000 2838.000000 1311.000000 2827.000000 1322.000000 
		}
	}
	outgoing={
		name="genua"
		path={
			1302 1300 1297 
		}
		control={
			2960.000000 1286.000000 2914.500000 1317.500000 
		}
	}
	members={
		355 339 340 341 350 351 352 353 354 1882 2448 2449 2450 2451 2452 2453 2454 2455 2456 2457 2458 2472 2473 2474 2954 4566 4567 
	}
}
ragusa={
	location=137
	outgoing={
		name="pest"
		path={
			1831 3002 4755 4173 4126 
		}
		control={
			3105.000000 1405.000000 3106.000000 1427.000000 3101.000000 1441.000000 
		}
	}
	outgoing={
		name="venice"
		path={
			136 1308 
		}
		control={
			3065.000000 1381.000000 
		}
	}
	outgoing={
		name="genua"
		path={
			1310 1311 1307 1304 1303 1298 1297 
		}
		control={
			3101.000000 1349.000000 3096.500000 1299.000000 3055.000000 1269.000000 3041.500000 1303.000000 2984.000000 1338.000000 
		}
	}
	members={
		137 138 139 140 141 142 143 144 147 1766 1827 1831 1853 3000 3002 3001 4174 4175 4176 131 148 1828 136 1826 4239 145 146 163 1773 4702 4699 4698 4701 4750 4752 4753 4754 4755 4757 4780 
	}
}
safi={
	location=1110
	color={
		191 110 62 
	}
	outgoing={
		name="sevilla"
		path={
			342 1293 
		}
		control={
			2655.000000 1168.000000 2667.000000 1183.000000 2698.000000 1198.000000 2709.000000 1228.000000 
		}
	}
	members={
		344 345 346 347 348 1110 2460 2464 2466 2467 2468 2469 2470 342 343 349 2459 2462 2463 336 337 338 2461 2465 4564 4562 4568 
	}
}
pest={
	location=153
	color={
		172 95 81 
	}
	inland=yes
	members={
		135 153 1864 4126 4240 155 1953 1954 4125 157 158 1952 4127 156 1951 4128 152 1767 4173 4756 160 161 2998 4531 4532 
	}
}
toulouse_node={
	location=196
	color={
		36 132 247 
	}
	inland=yes
	outgoing={
		name="genua"
		path={
			2753 1296 1297 
		}
		control={
			2850.000000 1385.000000 2875.000000 1370.000000 2903.000000 1365.000000 
		}
	}
	members={
		173 174 175 176 194 196 198 200 201 202 203 204 205 1276 2753 2991 4112 4391 4694 4695 4696 4719 
	}
}
sevilla={
	location=1293
	color={
		57 160 101 
	}
	outgoing={
		name="valencia"
		path={
			4546 223 222 221 1295 
		}
		control={
			2751.000000 1257.000000 2780.000000 1258.000000 2798.000000 1275.000000 2812.000000 1300.000000 
		}
	}
	members={
		206 207 208 1746 215 216 231 232 1293 217 218 219 221 222 223 224 225 226 227 228 229 230 334 335 367 1745 1747 1748 1749 1751 1851 2754 2755 2751 4150 4546 4547 4548 4551 4552 4553 4554 4555 4556 4558 4561 4563 368 366 4565 4787 4788 4789 
	}
}
valencia={
	location=1295
	color={
		87 70 168 
	}
	outgoing={
		name="genua"
		path={
			213 1296 1297 
		}
		control={
			2893.000000 1353.500000 
		}
	}
	members={
		209 210 2989 1295 197 212 213 2987 2988 220 1750 4549 4550 211 214 2990 4557 333 4559 4560 
	}
}
genua={
	location=1298
	color={
		218 215 56 
	}
	members={
		1298 124 125 126 2982 115 116 117 2978 2980 123 1934 2984 101 102 2992 103 1875 2981 127 1247 2986 4727 4735 4736 4737 118 2976 4731 4732 121 2983 4734 104 1862 2979 4728 4740 
	}
	end=yes
}
venice={
	location=1308
	color={
		54 167 156 
	}
	members={
		105 106 107 108 109 111 112 113 114 119 120 122 129 130 1308 1769 1774 1933 2977 2985 4729 4730 4733 4738 4739 4751 
	}
	end=yes
}
